TP53	RB1	NF1	PIK3CA	PTEN	EGFR	PDGFRA	IDH1	PIK3R1
TCGA-02-0033	1	1	1	1	0	0	0	0	0
TCGA-02-0047	0	0	0	1	0	0	1	0	0
TCGA-06-0119	0	0	1	0	0	0	0	0	0
TCGA-06-0122	0	0	0	0	0	0	0	0	0
TCGA-06-0130	1	1	0	0	0	0	0	0	0
TCGA-06-0137	0	0	0	0	0	0	0	0	0
TCGA-06-0139	0	0	0	0	0	0	0	0	0
TCGA-06-0142	0	0	0	0	0	1	0	0	0
TCGA-06-0145	0	0	0	0	0	0	0	0	0
TCGA-06-0154	0	0	0	0	0	1	0	0	0
TCGA-06-0158	0	0	0	0	0	1	0	0	0
TCGA-06-0184	1	1	1	0	1	0	0	0	0
TCGA-06-0185	0	0	0	0	0	1	0	0	0
TCGA-06-0187	0	0	0	0	1	0	0	0	0
TCGA-06-0188	1	1	0	0	1	0	0	0	0
TCGA-06-0190	1	0	1	0	1	0	0	0	0
TCGA-06-0192	0	0	1	0	1	0	0	0	0
TCGA-06-0238	1	0	0	0	0	0	0	0	0
TCGA-06-0240	0	0	0	0	0	0	0	0	0
TCGA-06-0644	1	0	0	0	1	0	0	0	0
TCGA-06-0646	0	0	0	0	0	0	0	0	0
TCGA-06-1084	0	0	1	0	1	0	0	0	0
TCGA-06-1802	0	0	1	0	0	1	1	0	0
TCGA-06-2570	1	0	0	1	0	0	0	1	0
TCGA-06-5408	0	0	1	0	0	0	0	0	0
TCGA-06-5413	0	0	0	1	0	0	0	0	0
TCGA-06-5417	1	0	0	1	0	0	0	1	0
TCGA-06-6389	1	0	0	0	0	0	0	1	0
TCGA-12-0616	0	0	0	0	0	1	0	0	0
TCGA-12-0829	1	1	0	1	0	1	1	0	0
TCGA-12-1598	1	0	0	0	1	0	0	0	0
TCGA-12-3650	0	0	0	0	0	1	0	0	0
TCGA-14-1456	1	0	0	0	0	1	0	1	1
TCGA-14-1794	1	0	0	0	1	0	1	0	0
TCGA-14-1825	1	0	0	0	0	0	0	0	0
TCGA-14-3477	1	0	0	0	0	0	1	0	0
TCGA-19-1789	0	0	0	0	0	1	0	0	0
TCGA-19-2624	0	0	0	0	0	1	0	0	0
TCGA-19-2631	0	0	0	0	0	0	1	0	0
TCGA-19-5951	0	0	0	0	0	0	0	0	1
TCGA-19-5954	0	0	0	1	0	0	0	0	0
TCGA-19-5958	0	0	0	0	0	0	0	0	1
TCGA-19-5960	0	0	0	0	0	0	0	0	0
TCGA-76-4932	0	0	0	0	0	0	0	0	0
TCGA-76-4934	1	0	0	0	1	0	0	0	0
TCGA-76-4935	0	0	0	0	1	0	0	0	0
TCGA-76-6191	0	0	0	0	1	1	0	0	0
TCGA-76-6193	1	1	0	1	0	0	0	0	0
TCGA-76-6280	0	0	0	0	0	0	0	0	1
TCGA-76-6282	0	0	0	0	0	1	0	0	0
TCGA-76-6285	0	0	0	0	0	0	0	0	0
TCGA-76-6656	0	0	0	0	0	1	0	0	1
TCGA-76-6657	0	0	1	0	1	0	0	0	1
TCGA-76-6661	0	0	0	0	1	1	0	0	0
TCGA-76-6662	1	1	0	0	1	0	0	0	1
TCGA-76-6663	1	1	1	0	0	0	0	0	0
TCGA-76-6664	1	0	0	0	1	0	0	0	0
